G%igor%123%
B1%2000%[["Role-Playing", 1.0010344827586206], ["Misc", 0.7769999999999999], ["Action", 0.7736363636363641], ["Fighting", 0.6972413793103448], ["Platform", 0.6691666666666666], ["Strategy", 0.5312500000000001], ["Sports", 0.5085185185185185], ["Racing", 0.4648837209302326], ["Shooter", 0.34049999999999997], ["Puzzle", 0.3183333333333333], ["Simulation", 0.22533333333333327], ["Adventure", 0.18625]]%
B6%2000%2001%4%[["Sports", 81, 96], ["Racing", 43, 71], ["Action", 44, 67], ["Role-Playing", 29, 41]]%
B3%EU_Sales%[["GB", 0.4879591836734694], ["PS4", 0.36815476190476176], ["PS3", 0.2586230248306983], ["X360", 0.22180237154149912], ["NES", 0.2158163265306123], ["XOne", 0.21431924882629133], ["GEN", 0.20444444444444446], ["Wii", 0.20255094339622481], ["PS", 0.17859531772575304]]%
B4%Racing%{"NA Sales": 0.28776621297037625, "EU Sales": 0.19086469175340262, "JP Sales": 0.04538831064851881, "Other Sales": 0.06186549239391512, "Global Sales": 0.5861008807045638}%
B7%Nintendo%{"Wii": 390.46000000000015, "NES": 183.9699999999999, "GB": 230.08999999999992, "DS": 349.7500000000001, "SNES": 96.84, "GBA": 112.00000000000003, "3DS": 156.45000000000005, "N64": 129.94999999999996, "GC": 79.15000000000002, "WiiU": 57.9}%
B8%4%[[["Wii Sports", 41.49], ["Super Mario Bros.", 29.08], ["Duck Hunt", 26.93], ["Tetris", 23.2]], [["Wii Sports", 29.02], ["Mario Kart Wii", 12.88], ["Wii Sports Resort", 11.01], ["Nintendogs", 11.0]]]%
B10%2000%4%{"Pok\u00c3\u00a9mon Crystal Version": 6.39, "Final Fantasy IX": 5.3, "Driver 2": 4.73, "Tony Hawk's Pro Skater 2": 4.68}%
B6%1980%2017%12%[["Action", 1, 25, 18, 7, 1, 2, 6, 2, 2, 2, 3, 5, 1, 6, 4, 8, 20, 31, 44, 40, 44, 67, 125, 144, 125, 192, 184, 211, 221, 272, 226, 239, 266, 148, 186, 255, 119, 1], ["Sports", 1, 4, 2, 1, 2, 1, 3, 4, 2, 3, 3, 7, 4, 9, 22, 29, 52, 46, 70, 62, 81, 96, 188, 125, 106, 122, 138, 167, 200, 184, 186, 122, 54, 53, 55, 62, 38, 0], ["Misc", 4, 0, 1, 1, 1, 0, 0, 0, 0, 1, 0, 1, 2, 3, 6, 22, 23, 12, 22, 25, 20, 26, 45, 53, 85, 115, 109, 151, 212, 207, 201, 184, 38, 42, 41, 39, 18, 0], ["Role-Playing", 0, 0, 0, 0, 0, 0, 1, 3, 3, 2, 2, 5, 5, 9, 17, 24, 28, 23, 26, 33, 29, 41, 55, 48, 60, 71, 110, 103, 112, 103, 103, 95, 78, 71, 91, 78, 40, 2], ["Shooter", 2, 10, 5, 1, 3, 1, 4, 2, 1, 1, 0, 3, 3, 2, 11, 29, 23, 27, 23, 16, 20, 36, 79, 73, 88, 96, 69, 85, 83, 91, 81, 94, 48, 59, 47, 34, 32, 0], ["Adventure", 0, 0, 0, 1, 0, 0, 0, 1, 0, 0, 0, 2, 4, 1, 4, 13, 17, 14, 23, 19, 16, 21, 42, 12, 39, 42, 71, 84, 166, 141, 154, 108, 58, 60, 75, 54, 34, 0], ["Racing", 0, 1, 2, 0, 3, 0, 1, 0, 1, 0, 2, 1, 2, 2, 8, 12, 22, 36, 49, 49, 43, 71, 103, 109, 71, 77, 75, 86, 82, 84, 57, 65, 30, 16, 27, 19, 20, 0], ["Platform", 0, 3, 5, 5, 1, 4, 6, 2, 4, 3, 3, 6, 6, 11, 11, 13, 14, 18, 25, 18, 24, 43, 77, 87, 66, 83, 54, 42, 62, 29, 31, 37, 12, 37, 10, 14, 10, 0], ["Simulation", 0, 1, 0, 0, 0, 1, 0, 0, 1, 0, 1, 2, 1, 1, 7, 14, 13, 19, 8, 20, 15, 28, 19, 35, 27, 38, 58, 90, 119, 123, 82, 56, 18, 18, 11, 15, 9, 0], ["Fighting", 1, 0, 0, 0, 0, 1, 0, 2, 0, 0, 0, 1, 7, 11, 22, 29, 30, 28, 41, 24, 29, 18, 54, 44, 39, 43, 55, 50, 57, 53, 40, 50, 29, 20, 23, 21, 14, 0], ["Strategy", 0, 0, 0, 0, 0, 0, 0, 0, 0, 0, 0, 4, 3, 2, 6, 14, 12, 21, 35, 26, 16, 20, 22, 37, 32, 29, 42, 67, 50, 65, 53, 46, 15, 19, 8, 17, 10, 0], ["Puzzle", 0, 2, 3, 1, 3, 4, 0, 0, 1, 5, 2, 4, 5, 3, 3, 12, 9, 14, 13, 6, 12, 15, 20, 8, 25, 33, 43, 66, 64, 79, 45, 43, 11, 3, 8, 6, 0, 0]]%2019-03-23 19:10:34.390163%
B1%2009%[["Platform", 1.4168965517241383], ["Shooter", 0.7680219780219781], ["Sports", 0.7528260869565223], ["Fighting", 0.6066037735849056], ["Action", 0.5123529411764709], ["Role-Playing", 0.46504854368932047], ["Racing", 0.40702380952380973], ["Misc", 0.3716908212560387], ["Simulation", 0.2740650406504066], ["Puzzle", 0.25708860759493685], ["Strategy", 0.1932307692307691], ["Adventure", 0.1466666666666669]]%2019-05-28 13:01:58.318114%
B6%1980%2017%12%[["Action", 1, 25, 18, 7, 1, 2, 6, 2, 2, 2, 3, 5, 1, 6, 4, 8, 20, 31, 44, 40, 44, 67, 125, 144, 125, 192, 184, 211, 221, 272, 226, 239, 266, 148, 186, 255, 119, 1], ["Sports", 1, 4, 2, 1, 2, 1, 3, 4, 2, 3, 3, 7, 4, 9, 22, 29, 52, 46, 70, 62, 81, 96, 188, 125, 106, 122, 138, 167, 200, 184, 186, 122, 54, 53, 55, 62, 38, 0], ["Misc", 4, 0, 1, 1, 1, 0, 0, 0, 0, 1, 0, 1, 2, 3, 6, 22, 23, 12, 22, 25, 20, 26, 45, 53, 85, 115, 109, 151, 212, 207, 201, 184, 38, 42, 41, 39, 18, 0], ["Role-Playing", 0, 0, 0, 0, 0, 0, 1, 3, 3, 2, 2, 5, 5, 9, 17, 24, 28, 23, 26, 33, 29, 41, 55, 48, 60, 71, 110, 103, 112, 103, 103, 95, 78, 71, 91, 78, 40, 2], ["Shooter", 2, 10, 5, 1, 3, 1, 4, 2, 1, 1, 0, 3, 3, 2, 11, 29, 23, 27, 23, 16, 20, 36, 79, 73, 88, 96, 69, 85, 83, 91, 81, 94, 48, 59, 47, 34, 32, 0], ["Adventure", 0, 0, 0, 1, 0, 0, 0, 1, 0, 0, 0, 2, 4, 1, 4, 13, 17, 14, 23, 19, 16, 21, 42, 12, 39, 42, 71, 84, 166, 141, 154, 108, 58, 60, 75, 54, 34, 0], ["Racing", 0, 1, 2, 0, 3, 0, 1, 0, 1, 0, 2, 1, 2, 2, 8, 12, 22, 36, 49, 49, 43, 71, 103, 109, 71, 77, 75, 86, 82, 84, 57, 65, 30, 16, 27, 19, 20, 0], ["Platform", 0, 3, 5, 5, 1, 4, 6, 2, 4, 3, 3, 6, 6, 11, 11, 13, 14, 18, 25, 18, 24, 43, 77, 87, 66, 83, 54, 42, 62, 29, 31, 37, 12, 37, 10, 14, 10, 0], ["Simulation", 0, 1, 0, 0, 0, 1, 0, 0, 1, 0, 1, 2, 1, 1, 7, 14, 13, 19, 8, 20, 15, 28, 19, 35, 27, 38, 58, 90, 119, 123, 82, 56, 18, 18, 11, 15, 9, 0], ["Fighting", 1, 0, 0, 0, 0, 1, 0, 2, 0, 0, 0, 1, 7, 11, 22, 29, 30, 28, 41, 24, 29, 18, 54, 44, 39, 43, 55, 50, 57, 53, 40, 50, 29, 20, 23, 21, 14, 0], ["Strategy", 0, 0, 0, 0, 0, 0, 0, 0, 0, 0, 0, 4, 3, 2, 6, 14, 12, 21, 35, 26, 16, 20, 22, 37, 32, 29, 42, 67, 50, 65, 53, 46, 15, 19, 8, 17, 10, 0], ["Puzzle", 0, 2, 3, 1, 3, 4, 0, 0, 1, 5, 2, 4, 5, 3, 3, 12, 9, 14, 13, 6, 12, 15, 20, 8, 25, 33, 43, 66, 64, 79, 45, 43, 11, 3, 8, 6, 0, 0]]%2019-05-28 13:02:34.038330%
